-2.179071470033569767e+03
-5.948007191350452558e+02
-4.383658271598082138e+03
1.247978088607595510e+03
1.327590593278617689e+03
2.428789397262944021e+03
-1.775091820804076406e+03
-2.486820605899465136e+03
-1.571031535535035118e+03
2.149943420416374465e+03
1.003952841802619446e+03
4.844201893171673873e+03
-2.608475918274877131e+03
-2.239498213266426319e+03
-3.360534330964272158e+03
-1.538199224245745654e+03
-1.466318139323419018e+03
-1.944927305009641486e+03
5.496074869143496471e+03
5.239104520501054139e+03
6.946796540927516617e+03
-5.645278153951849163e+02
-1.527184840897579647e+02
-1.097909036595693578e+03
1.862124648215188017e+03
1.914406601071515979e+03
2.713430923959871507e+03
-1.725704853775413085e+03
-1.866797805913101456e+03
-2.778066321090635938e+03
