-5.388222075253355392e+00
4.118275878085570163e+00
1.318325642685901933e+01
-2.812793869004716180e+04
9.135003536446210637e+04
7.344883094122741568e+03
-5.853585673422935898e+00
1.055530176305412127e+01
1.766526418616532812e+00
-5.607676391717155262e+00
7.952486994642568696e+00
1.050328637599252701e+01
-2.141378338802236936e+00
6.231924971270535352e+00
7.040717886009924875e+00
-2.020376817905744474e+03
3.605053410149108458e+03
5.580473894390902387e+02
-4.648084853151125913e+02
5.296351518502928002e+02
4.504522532695804671e+02
-5.167226069425592705e+00
5.587938566219264658e+00
1.232808430551909140e+01
2.507128588197215868e+04
-5.169650627463532874e+04
-3.024971504167906460e+03
-8.193177660424311398e+03
2.001176285117191219e+04
3.291374341682463182e+03
